
x1 = -0.200000

x2 = 4.000001

x3 = -0.800001
