
x1 = 3.000000

x2 = 1.000000

x3 = 2.000000
