
x1 = 1.000000

x2 = 0.000000

x3 = 0.000000

x4 = 4.000000
