
x1 = -5.433108

x2 = -3.218024

x3 = -2.127907

x4 = 8.534885

x5 = 2.563953
